At time 1760635050.427710213
- Translation: [0.000, 0.000, 0.000]
- Rotation: in Quaternion (xyzw) [0.000, 0.000, -0.704, 0.710]
- Rotation: in RPY (radian) [0.000, 0.000, -1.563]
- Rotation: in RPY (degree) [0.000, 0.000, -89.575]
- Matrix:
  0.007  1.000  0.000  0.000
 -1.000  0.007 -0.000  0.000
 -0.000  0.000  1.000  0.000
  0.000  0.000  0.000  1.000
At time 1760635051.418802029
- Translation: [0.000, 0.000, 0.000]
- Rotation: in Quaternion (xyzw) [0.000, 0.000, -0.704, 0.710]
- Rotation: in RPY (radian) [0.000, 0.000, -1.563]
- Rotation: in RPY (degree) [0.000, 0.000, -89.575]
- Matrix:
  0.007  1.000  0.000  0.000
 -1.000  0.007 -0.000  0.000
 -0.000  0.000  1.000  0.000
  0.000  0.000  0.000  1.000
At time 1760635052.427370661
- Translation: [0.000, 0.000, 0.000]
- Rotation: in Quaternion (xyzw) [0.000, 0.000, -0.704, 0.710]
- Rotation: in RPY (radian) [0.000, 0.000, -1.563]
- Rotation: in RPY (degree) [0.000, 0.000, -89.575]
- Matrix:
  0.007  1.000  0.000  0.000
 -1.000  0.007 -0.000  0.000
 -0.000  0.000  1.000  0.000
  0.000  0.000  0.000  1.000
At time 1760635053.419777040
- Translation: [0.000, 0.000, 0.000]
- Rotation: in Quaternion (xyzw) [0.000, 0.000, -0.704, 0.710]
- Rotation: in RPY (radian) [0.000, 0.000, -1.563]
- Rotation: in RPY (degree) [0.000, 0.000, -89.575]
- Matrix:
  0.007  1.000  0.000  0.000
 -1.000  0.007 -0.000  0.000
 -0.000  0.000  1.000  0.000
  0.000  0.000  0.000  1.000
At time 1760635054.427408995
- Translation: [0.000, 0.000, 0.000]
- Rotation: in Quaternion (xyzw) [0.000, 0.000, -0.704, 0.710]
- Rotation: in RPY (radian) [0.000, 0.000, -1.563]
- Rotation: in RPY (degree) [0.000, 0.000, -89.575]
- Matrix:
  0.007  1.000  0.000  0.000
 -1.000  0.007 -0.000  0.000
 -0.000  0.000  1.000  0.000
  0.000  0.000  0.000  1.000
At time 1760635055.419294951
- Translation: [0.000, 0.000, 0.000]
- Rotation: in Quaternion (xyzw) [0.000, 0.000, -0.704, 0.710]
- Rotation: in RPY (radian) [0.000, 0.000, -1.563]
- Rotation: in RPY (degree) [0.000, 0.000, -89.575]
- Matrix:
  0.007  1.000  0.000  0.000
 -1.000  0.007 -0.000  0.000
 -0.000  0.000  1.000  0.000
  0.000  0.000  0.000  1.000
At time 1760635056.425632742
- Translation: [0.005, -0.672, 0.000]
- Rotation: in Quaternion (xyzw) [0.000, 0.000, -0.704, 0.710]
- Rotation: in RPY (radian) [0.000, 0.000, -1.563]
- Rotation: in RPY (degree) [0.000, 0.000, -89.575]
- Matrix:
  0.007  1.000  0.000  0.005
 -1.000  0.007 -0.000 -0.672
 -0.000  0.000  1.000  0.000
  0.000  0.000  0.000  1.000
At time 1760635057.419234439
- Translation: [0.743, -1.458, 0.000]
- Rotation: in Quaternion (xyzw) [0.000, 0.000, 0.020, 1.000]
- Rotation: in RPY (radian) [0.000, -0.000, 0.040]
- Rotation: in RPY (degree) [0.000, -0.000, 2.290]
- Matrix:
  0.999 -0.040  0.000  0.743
  0.040  0.999  0.000 -1.458
  0.000  0.000  1.000  0.000
  0.000  0.000  0.000  1.000
At time 1760635058.426858088
- Translation: [1.464, 0.946, 0.000]
- Rotation: in Quaternion (xyzw) [0.000, 0.000, 0.554, 0.833]
- Rotation: in RPY (radian) [0.000, -0.000, 1.174]
- Rotation: in RPY (degree) [0.000, -0.000, 67.243]
- Matrix:
  0.387 -0.922  0.000  1.464
  0.922  0.387  0.000  0.946
  0.000  0.000  1.000  0.000
  0.000  0.000  0.000  1.000
At time 1760635059.418377041
- Translation: [1.627, 1.803, 0.000]
- Rotation: in Quaternion (xyzw) [0.000, 0.000, 0.548, 0.836]
- Rotation: in RPY (radian) [0.000, -0.000, 1.160]
- Rotation: in RPY (degree) [0.000, -0.000, 66.462]
- Matrix:
  0.399 -0.917  0.000  1.627
  0.917  0.399  0.000  1.803
  0.000  0.000  1.000  0.000
  0.000  0.000  0.000  1.000
At time 1760635060.427216323
- Translation: [1.695, 0.800, 0.000]
- Rotation: in Quaternion (xyzw) [0.000, 0.000, 0.842, 0.540]
- Rotation: in RPY (radian) [0.000, -0.000, 2.000]
- Rotation: in RPY (degree) [0.000, -0.000, 114.616]
- Matrix:
 -0.417 -0.909  0.000  1.695
  0.909 -0.417  0.000  0.800
  0.000  0.000  1.000  0.000
  0.000  0.000  0.000  1.000
At time 1760635061.419373620
- Translation: [1.386, 1.790, 0.000]
- Rotation: in Quaternion (xyzw) [0.000, 0.000, 0.605, 0.796]
- Rotation: in RPY (radian) [0.000, -0.000, 1.299]
- Rotation: in RPY (degree) [0.000, -0.000, 74.445]
- Matrix:
  0.268 -0.963  0.000  1.386
  0.963  0.268  0.000  1.790
  0.000  0.000  1.000  0.000
  0.000  0.000  0.000  1.000
At time 1760635062.427372118
- Translation: [2.179, 0.502, 0.000]
- Rotation: in Quaternion (xyzw) [0.000, 0.000, -0.059, 0.998]
- Rotation: in RPY (radian) [0.000, 0.000, -0.117]
- Rotation: in RPY (degree) [0.000, 0.000, -6.708]
- Matrix:
  0.993  0.117  0.000  2.179
 -0.117  0.993 -0.000  0.502
 -0.000  0.000  1.000  0.000
  0.000  0.000  0.000  1.000
At time 1760635063.418311272
- Translation: [2.169, -0.332, 0.000]
- Rotation: in Quaternion (xyzw) [0.000, 0.000, 0.263, 0.965]
- Rotation: in RPY (radian) [0.000, -0.000, 0.532]
- Rotation: in RPY (degree) [0.000, -0.000, 30.486]
- Matrix:
  0.862 -0.507  0.000  2.169
  0.507  0.862  0.000 -0.332
  0.000  0.000  1.000  0.000
  0.000  0.000  0.000  1.000
At time 1760635064.27222119
- Translation: [1.544, 0.401, 0.000]
- Rotation: in Quaternion (xyzw) [0.000, 0.000, 0.594, 0.805]
- Rotation: in RPY (radian) [0.000, -0.000, 1.271]
- Rotation: in RPY (degree) [0.000, -0.000, 72.828]
- Matrix:
  0.295 -0.955  0.000  1.544
  0.955  0.295  0.000  0.401
  0.000  0.000  1.000  0.000
  0.000  0.000  0.000  1.000
At time 1760635064.27222119
- Translation: [1.544, 0.401, 0.000]
- Rotation: in Quaternion (xyzw) [0.000, 0.000, 0.594, 0.805]
- Rotation: in RPY (radian) [0.000, -0.000, 1.271]
- Rotation: in RPY (degree) [0.000, -0.000, 72.828]
- Matrix:
  0.295 -0.955  0.000  1.544
  0.955  0.295  0.000  0.401
  0.000  0.000  1.000  0.000
  0.000  0.000  0.000  1.000
At time 1760635064.879470114
- Translation: [2.034, 2.516, 0.000]
- Rotation: in Quaternion (xyzw) [0.000, 0.000, 0.872, 0.489]
- Rotation: in RPY (radian) [0.000, -0.000, 2.119]
- Rotation: in RPY (degree) [0.000, -0.000, 121.427]
- Matrix:
 -0.521 -0.853  0.000  2.034
  0.853 -0.521  0.000  2.516
  0.000  0.000  1.000  0.000
  0.000  0.000  0.000  1.000
At time 1760635065.871800575
- Translation: [2.251, 1.867, 0.000]
- Rotation: in Quaternion (xyzw) [0.000, 0.000, 0.859, 0.513]
- Rotation: in RPY (radian) [0.000, -0.000, 2.065]
- Rotation: in RPY (degree) [0.000, -0.000, 118.322]
- Matrix:
 -0.474 -0.880  0.000  2.251
  0.880 -0.474  0.000  1.867
  0.000  0.000  1.000  0.000
  0.000  0.000  0.000  1.000
At time 1760635066.879320051
- Translation: [0.854, 1.079, 0.000]
- Rotation: in Quaternion (xyzw) [0.000, 0.000, 0.947, 0.321]
- Rotation: in RPY (radian) [0.000, -0.000, 2.487]
- Rotation: in RPY (degree) [0.000, -0.000, 142.498]
- Matrix:
 -0.793 -0.609  0.000  0.854
  0.609 -0.793  0.000  1.079
  0.000  0.000  1.000  0.000
  0.000  0.000  0.000  1.000
At time 1760635067.871472946
- Translation: [1.506, 1.526, 0.000]
- Rotation: in Quaternion (xyzw) [0.000, 0.000, 0.479, 0.878]
- Rotation: in RPY (radian) [0.000, -0.000, 1.000]
- Rotation: in RPY (degree) [0.000, -0.000, 57.271]
- Matrix:
  0.541 -0.841  0.000  1.506
  0.841  0.541  0.000  1.526
  0.000  0.000  1.000  0.000
  0.000  0.000  0.000  1.000
At time 1760635068.879550457
- Translation: [1.802, 0.600, 0.000]
- Rotation: in Quaternion (xyzw) [0.000, 0.000, 0.120, 0.993]
- Rotation: in RPY (radian) [0.000, -0.000, 0.241]
- Rotation: in RPY (degree) [0.000, -0.000, 13.786]
- Matrix:
  0.971 -0.238  0.000  1.802
  0.238  0.971  0.000  0.600
  0.000  0.000  1.000  0.000
  0.000  0.000  0.000  1.000
At time 1760635069.871226091
- Translation: [0.993, 0.134, 0.000]
- Rotation: in Quaternion (xyzw) [0.000, 0.000, -0.038, 0.999]
- Rotation: in RPY (radian) [0.000, 0.000, -0.077]
- Rotation: in RPY (degree) [0.000, 0.000, -4.407]
- Matrix:
  0.997  0.077  0.000  0.993
 -0.077  0.997 -0.000  0.134
 -0.000  0.000  1.000  0.000
  0.000  0.000  0.000  1.000
At time 1760635070.879184653
- Translation: [0.499, 0.032, 0.000]
- Rotation: in Quaternion (xyzw) [0.000, 0.000, -0.106, 0.994]
- Rotation: in RPY (radian) [0.000, 0.000, -0.211]
- Rotation: in RPY (degree) [0.000, 0.000, -12.115]
- Matrix:
  0.978  0.210  0.000  0.499
 -0.210  0.978 -0.000  0.032
 -0.000  0.000  1.000  0.000
  0.000  0.000  0.000  1.000
